-0.112 0.07 -0.112 10.08 0 0 7.24399 7.24399 0 0 0 -0.839999
0.435998 0.07 0.435998 59.4001 0 0 2.56121 2.56121 0 0 0 -0.839999
0.600996 0.07 0.600996 74.2497 0 0 -8.10574 -8.10574 0 0 0 -0.839999
1.125 0.07 1.125 121.408 0 0 -3.16792 -3.16792 0 0 0 -0.839999
1.274 0.07 1.274 134.817 0 0 6.62796 6.62796 0 0 0 -0.839999
1.85003 0.07 1.85003 186.655 0 0 1.3784 1.3784 0 0 0 -0.839999
2.01104 0.07 2.01104 201.145 0 0 -8.86682 -8.86682 0 0 0 -0.839999
2.468 0.07 2.468 242.273 0 0 -6.5613 -6.5613 0 0 0 -0.839999
2.63899 0.07 2.63899 257.662 0 0 4.67208 4.67208 0 0 0 -0.839999
3.28294 0.07 3.28294 315.62 0 0 -1.09448 -1.09448 0 0 0 -0.839999
4.00989 0.07 4.00989 381.047 0 0 3.02126 3.02126 0 0 0 -0.839999
4.47086 0.07 4.47086 422.536 0 0 11.4103 11.4103 0 0 0 -0.839999
5.09981 0.07 5.09981 479.143 0 0 -13.8437 -13.8437 0 0 0 -0.839999
5.70077 0.07 5.70077 533.238 0 0 14.987 14.987 0 0 0 -0.839999
6.24573 0.07 6.24573 582.303 0 0 -11.1777 -11.1777 0 0 0 -0.839999
6.89968 0.07 6.89968 641.18 0 0 8.99512 8.99512 0 0 0 -0.839999
7.46164 0.07 7.46164 691.776 0 0 -0.46877 -0.46877 0 0 0 -0.839999
